function data()
return {
	times = { 0, 41.667, 83.333, 125, 166.667, 208.333, 250, 291.667, 333.333, 375, 416.667, 458.333, 500, 541.667, 583.333, 625, 666.667, 708.333, 750, 791.667, 833.333, 875, 916.667, 958.333, 1000, 1041.667, 1083.333, 1125, 1166.667, 1208.333, 1250, },
	transfs = {
		{ 1, 0, 0, 0, 0, 1, 0, 0, 0, 0, 1, 0, 0, 0, 0, 1, },
		{ 0.99998599290848, 0.0052902637980878, 0, 0, -0.0052902637980878, 0.99998599290848, 0, 0, 0, 0, 1, 0, 0, 0, 0, 1, },
		{ 0.99978613853455, 0.020678743720055, 0, 0, -0.020678743720055, 0.99978613853455, 0, 0, 0, 0, 1, 0, 0, 0, 0, 1, },
		{ 0.99896740913391, 0.045432735234499, 0, 0, -0.045432735234499, 0.99896740913391, 0, 0, 0, 0, 1, 0, 0, 0, 0, 1, },
		{ 0.99689102172852, 0.07879164814949, 0, 0, -0.07879164814949, 0.99689102172852, 0, 0, 0, 0, 1, 0, 0, 0, 0, 1, },
		{ 0.99278062582016, 0.11994431167841, 0, 0, -0.11994431167841, 0.99278062582016, 0, 0, 0, 0, 1, 0, 0, 0, 0, 1, },
		{ 0.9857856631279, 0.16800767183304, 0, 0, -0.16800767183304, 0.9857856631279, 0, 0, 0, 0, 1, 0, 0, 0, 0, 1, },
		{ 0.97504442930222, 0.22200988233089, 0, 0, -0.22200988233089, 0.97504442930222, 0, 0, 0, 0, 1, 0, 0, 0, 0, 1, },
		{ 0.95974206924438, 0.28088265657425, 0, 0, -0.28088265657425, 0.95974206924438, 0, 0, 0, 0, 1, 0, 0, 0, 0, 1, },
		{ 0.93916618824005, 0.34346303343773, 0, 0, -0.34346303343773, 0.93916618824005, 0, 0, 0, 0, 1, 0, 0, 0, 0, 1, },
		{ 0.91275489330292, 0.40850752592087, 0, 0, -0.40850752592087, 0.91275489330292, 0, 0, 0, 0, 1, 0, 0, 0, 0, 1, },
		{ 0.88013875484467, 0.47471639513969, 0, 0, -0.47471639513969, 0.88013875484467, 0, 0, 0, 0, 1, 0, 0, 0, 0, 1, },
		{ 0.8411710858345, 0.54076898097992, 0, 0, -0.54076898097992, 0.8411710858345, 0, 0, 0, 0, 1, 0, 0, 0, 0, 1, },
		{ 0.79594796895981, 0.60536497831345, 0, 0, -0.60536497831345, 0.79594796895981, 0, 0, 0, 0, 1, 0, 0, 0, 0, 1, },
		{ 0.74481379985809, 0.66727238893509, 0, 0, -0.66727238893509, 0.74481379985809, 0, 0, 0, 0, 1, 0, 0, 0, 0, 1, },
		{ 0.6883544921875, 0.72537446022034, 0, 0, -0.72537446022034, 0.6883544921875, 0, 0, 0, 0, 1, 0, 0, 0, 0, 1, },
		{ 0.62737727165222, 0.77871543169022, 0, 0, -0.77871543169022, 0.62737727165222, 0, 0, 0, 0, 1, 0, 0, 0, 0, 1, },
		{ 0.56287866830826, 0.82653945684433, 0, 0, -0.82653945684433, 0.56287866830826, 0, 0, 0, 0, 1, 0, 0, 0, 0, 1, },
		{ 0.49600419402122, 0.86832010746002, 0, 0, -0.86832010746002, 0.49600419402122, 0, 0, 0, 0, 1, 0, 0, 0, 0, 1, },
		{ 0.42800307273865, 0.90377730131149, 0, 0, -0.90377730131149, 0.42800307273865, 0, 0, 0, 0, 1, 0, 0, 0, 0, 1, },
		{ 0.36017766594887, 0.93288373947144, 0, 0, -0.93288373947144, 0.36017766594887, 0, 0, 0, 0, 1, 0, 0, 0, 0, 1, },
		{ 0.29384019970894, 0.95585453510284, 0, 0, -0.95585453510284, 0.29384019970894, 0, 0, 0, 0, 1, 0, 0, 0, 0, 1, },
		{ 0.23026838898659, 0.97312712669373, 0, 0, -0.97312712669373, 0.23026838898659, 0, 0, 0, 0, 1, 0, 0, 0, 0, 1, },
		{ 0.17067587375641, 0.98532718420029, 0, 0, -0.98532718420029, 0.17067587375641, 0, 0, 0, 0, 1, 0, 0, 0, 0, 1, },
		{ 0.11618518084288, 0.99322748184204, 0, 0, -0.99322748184204, 0.11618518084288, 0, 0, 0, 0, 1, 0, 0, 0, 0, 1, },
		{ 0.067821756005287, 0.99769747257233, 0, 0, -0.99769747257233, 0.067821756005287, 0, 0, 0, 0, 1, 0, 0, 0, 0, 1, },
		{ 0.026510260999203, 0.9996485710144, 0, 0, -0.9996485710144, 0.026510260999203, 0, 0, 0, 0, 1, 0, 0, 0, 0, 1, },
		{ -0.0069112475030124, 0.9999760389328, 0, 0, -0.9999760389328, -0.0069112475030124, 0, 0, 0, 0, 1, 0, 0, 0, 0, 1, },
		{ -0.031673934310675, 0.99949818849564, 0, 0, -0.99949818849564, -0.031673934310675, 0, 0, 0, 0, 1, 0, 0, 0, 0, 1, },
		{ -0.047052260488272, 0.99889242649078, 0, 0, -0.99889242649078, -0.047052260488272, 0, 0, 0, 0, 1, 0, 0, 0, 0, 1, },
		{ -0.05233608558774, 0.99862945079803, 0, 0, -0.99862945079803, -0.05233608558774, 0, 0, 0, 0, 1, 0, 0, 0, 0, 1, },
	},
}
end
